0,531
36,9
0,530
0,529
0,528
0,527
36,8
0,526
0,525
0,524
0,523
0,522
0,521
36,7
36,6
0,520
0,519
0,518
0,517
0,516
0,515
0,514
0,513
0,512
0,511
0,510
0,509
0,508
0,507
0,506
0,505
0,504
0,503
0,502
0,501
0,500
0,499
85,35
0,498
36,1
36,3
35,1
35,3
14,5
52,1
52,3
3,2
3,1
3,3
10,83
10,130
10,133
10,195
10,262
10,288
10,224
10,1
10,86
10,2
10,3
11,29
11,6
11,5
11,22
11,12
11,1
11,24
11,2
11,3
9,5
9,1
9,7
9,2
9,3
8,10
8,4
8,17
8,9
8,16
8,15
8,1
8,18
8,2
8,3
0,318
12,2
12,1
12,3
20,2
20,1
20,3
84,3
84,2
84,1
84,0
83,3
83,2
83,1
83,0
82,3
82,2
82,1
82,0
81,3
19,2
81,2
19,1
81,1
19,3
81,0
80,3
80,2
80,1
80,0
79,3
79,2
79,1
79,0
78,4
78,3
78,2
78,1
78,0
77,3
77,2
77,1
77,0
76,4
76,3
76,2
76,1
76,0
75,3
75,2
75,1
75,0
74,4
74,3
74,2
74,1
74,0
73,4
73,3
73,2
73,1
73,0
72,4
72,3
72,2
72,1
72,0
71,3
